age_fetal        = 331.022307583389 - 1.611773915587*(hc+cvb) + 0.002779686994*((hc+cvb)^2) - 0.000001530428*((hc+cvb)^3) : Hang Ho (2D)
age_fetal        = 21.1148 + 0.2381*thigh_vol - 0.001*(thigh_vol^2) + 0.000002*(thigh_vol^3) : Hang Ho (3D)

